# Created by Octave 4.0.3, Tue Jan 16 12:30:34 2018 GMT <mbennett@Marks-iMac.local>
# name: A
# type: matrix
# rows: 10
# columns: 10
 -0.07864919060740068 -0.9572868941957289 0.3833811490305803 1.384475079602695 -0.3259966280594953 0.5108093693376566 0.4886215150739669 1.389785464525557 0.3962678404838389 -2.122899930080414
 -2.126418949300017 -1.631740567872479 0.4138492617697934 0.816294599440357 -0.7519267112230575 -0.7690375412074206 -0.8796629493234706 0.9369853182230871 -0.5941839450461178 -0.4807321424790749
 1.09616762672804 -0.7634442324125021 -0.08154570576951152 -0.3555764153717465 1.445996346809328 1.493717816139535 -0.3519479231599933 -1.546710044868373 1.314431709537052 -3.706699253591057
 -0.1070787924283014 0.05725415034751292 -0.3855454087290506 -0.01385513191497253 0.5235211845582634 0.03140117039360031 0.8332960925916177 0.4565428365672596 -0.2631347158815184 0.4195883856551571
 -1.141662854820255 1.438732064396596 0.06496302693190313 1.070268014598369 -0.1786070562103707 -1.785061736278959 0.9622999119548293 -0.1422824715291582 0.9614378255623017 -1.162044196611223
 1.254110346015075 -2.375378566506795 0.2645005137234639 0.3094942556872847 0.3295805672581171 -0.4469991739089847 -0.08609577258674553 1.449504071015453 1.102245479448455 -2.526872304702864
 0.23062335560702 -2.007111265451912 -1.496659360225675 0.5502824409329029 0.4976498075475926 0.9321714608609916 -1.178914807887633 -0.6638473222708016 -1.62378241084783 0.3199884921259518
 -1.984188138051849 1.417300529463202 -0.6304087379033663 -1.150271518445949 1.065782888335182 -0.3715134643262901 0.05423480075108861 0.5414384793681789 0.8869632718852682 -1.432852339815437
 -0.932151310707199 -0.3687905583616965 1.485664547016909 -0.4049609527779692 -2.360580238627269 0.9867411782801557 2.073383742284014 0.07532020878782668 0.4912521714254698 0.1976444526876137
 -0.3910852716213455 0.9938595329334244 0.6948301561897032 -0.02604561226413791 0.7826353676216392 -1.291585373766471 0.9029746733980787 -1.040701205192595 0.5912039504824419 -0.149840141425569


